2081.97	8.48295e-12	-228.143	-0.00266676	0.00620402
2056.22	8.48909e-12	-225.015	0.00275051	-0.00617003
2031.11	8.50726e-12	-221.886	-0.00283523	0.00613952
2006.6	8.5283e-12	-218.759	0.00292282	-0.00610757
1982.67	8.53877e-12	-215.63	-0.00300683	0.00607129
1959.31	8.55427e-12	-212.502	0.00309177	-0.00603538
1936.49	8.582e-12	-209.375	-0.00318179	0.00600085
1914.2	8.6094e-12	-206.247	0.00326827	-0.00596655
1892.42	8.63766e-12	-203.118	-0.00335114	0.00593322
1871.12	8.67209e-12	-199.99	0.00343793	-0.00589906
1850.3	8.70973e-12	-196.863	-0.00352803	0.0058629
1829.94	8.74695e-12	-193.735	0.00361638	-0.00582602
1810.02	8.78019e-12	-190.607	-0.00370108	0.00578804
1790.53	8.82001e-12	-187.479	0.00378654	-0.00575113
1771.46	8.87723e-12	-184.35	-0.00387548	0.00571854
1752.78	8.9371e-12	-181.222	0.00396424	-0.00568574
1734.5	8.99235e-12	-178.094	-0.00405332	0.00564893
1716.59	9.05051e-12	-174.966	0.00414458	-0.00561025
1699.05	9.10846e-12	-171.838	-0.00423536	0.00557008
1681.87	9.17165e-12	-168.711	0.00432656	-0.00553033
1665.03	9.24666e-12	-165.583	-0.00442039	0.00549246
1648.52	9.3182e-12	-162.455	0.00451363	-0.00545148
1632.34	9.38477e-12	-159.327	-0.00460359	0.00540891
1616.47	9.46753e-12	-156.199	0.00469479	-0.00537152
1600.91	9.56784e-12	-153.071	-0.00479306	0.0053348
1585.64	9.6603e-12	-149.944	0.00489315	-0.00529033
1570.67	9.74006e-12	-146.816	-0.00498806	0.00524201
1555.97	9.83403e-12	-143.688	0.00508311	-0.0051987
1541.54	9.94625e-12	-140.56	-0.00518203	0.0051589
1527.38	1.00588e-11	-137.432	0.00528173	-0.00511623
1513.48	1.01753e-11	-134.305	-0.00538359	0.0050711
1499.83	1.02972e-11	-131.177	0.00548712	-0.0050245
1486.42	1.04188e-11	-128.049	-0.00558973	0.00497623
1473.25	1.05472e-11	-124.922	0.00569355	-0.00492767
1460.32	1.06835e-11	-121.794	-0.00579916	0.00487858
1447.6	1.08292e-11	-118.667	0.00590686	-0.00482941
1435.11	1.0985e-11	-115.539	-0.00601726	0.00477955
1422.83	1.11383e-11	-112.412	0.00612673	-0.00472639
1410.76	1.12976e-11	-109.284	-0.0062365	0.00467311
1398.89	1.14731e-11	-106.157	0.00635037	-0.00462042
1387.22	1.1656e-11	-103.03	-0.0064673	0.00456428
1375.74	1.18469e-11	-99.9024	0.00658594	-0.00450668
1364.46	1.2044e-11	-96.7752	-0.00670506	0.00444823
1353.35	1.22494e-11	-93.648	0.0068261	-0.00438784
1342.42	1.24701e-11	-90.5207	-0.00694985	0.00432837
1331.67	1.26974e-11	-87.3933	0.0070741	-0.00426783
1321.09	1.29367e-11	-84.2662	-0.00720207	0.00420401
1310.68	1.31894e-11	-81.1393	0.00733385	-0.00413718
1300.43	1.34474e-11	-78.0122	-0.00746463	0.00407042
1290.34	1.37257e-11	-74.8852	0.00760069	-0.00400179
1280.4	1.40231e-11	-71.7587	-0.00774277	0.00392847
1270.62	1.43356e-11	-68.6316	0.00788529	-0.00385817
1260.98	1.46668e-11	-65.5052	-0.00803423	0.00378086
1251.49	1.50003e-11	-62.3793	0.00818413	-0.00369547
1242.15	1.53204e-11	-59.2527	-0.00832623	0.00360985
1232.94	1.56949e-11	-56.126	0.00848089	-0.00352776
1223.86	1.60982e-11	-53.0005	-0.00864532	0.00343465
1214.92	1.64799e-11	-49.8738	0.00879805	-0.00334433
1206.11	1.69309e-11	-46.7469	-0.00896656	0.00325814
1197.42	1.74268e-11	-43.6217	0.00914986	-0.00315603
1188.86	1.79248e-11	-40.4967	-0.00933133	0.00304693
1180.42	1.84688e-11	-37.3711	0.00952034	-0.00294028
1172.1	1.9004e-11	-34.2432	-0.00969719	0.00285022
1163.9	1.94892e-11	-31.1192	0.0098695	-0.00271303
1155.81	2.01314e-11	-27.9948	-0.0100767	0.0025845
1147.83	2.06986e-11	-24.8761	0.010275	-0.00238615
1139.96	2.18463e-11	-21.7425	-0.0105751	0.00236762
1132.2	2.21778e-11	-18.6089	0.0106738	-0.00229998
1124.54	2.44796e-11	-15.4984	-0.0112837	0.00206677
1116.99	2.14578e-11	-12.3692	0.0105875	-0.00180395
1109.53	2.39018e-11	-9.25628	-0.0112243	0.00158243
1102.18	3.03678e-11	-6.21271	0.0127655	-0.000536909
1094.92	2.78106e-11	-9.20043	-0.0119932	0.00238007
1087.76	2.78568e-11	-6.08698	0.0120654	-0.0020433
1080.69	2.75007e-11	-3.09972	-0.0121576	0.00016336
1073.71	3.23858e-11	-6.2396	0.013193	-0.000199852
1066.82	3.15323e-11	-3.21427	-0.012953	-0.00131421
1060.02	3.37643e-11	-6.16851	0.0134223	-0.00116036
1053.31	3.36425e-11	-3.1363	-0.0134445	-0.000311302
1046.68	3.73415e-11	-0.0182609	0.0141527	0.000661434
1040.13	4.47598e-11	3.08808	-0.0154597	-0.00126989
1033.67	5.091e-11	0.0237181	0.0165429	7.8129e-05
1027.28	2.4835e-11	3.15314	-0.0115528	-0.000195154
1020.97	1.0886e-10	0.242577	0.0236382	-0.00514062
1014.74	1.72069e-10	2.74705	-0.0277332	-0.0124842
1008.59	5.59358e-11	5.6341	0.0135104	0.0108702
1002.51	1.46354e-10	2.90311	-0.0270557	-0.00739845
996.499	2.54101e-10	4.46675	-0.0100033	0.0355794
990.563	1.89189e-10	5.1124	0.011579	0.0297144
984.697	1.79054e-09	6.45446	0.0971096	-0.0139658
978.9	6.54511e-10	8.78848	-0.0466867	-0.0365895
973.171	7.09089e-10	11.7138	0.0392902	0.0476246
967.509	1.46097e-09	14.0426	0.0108773	-0.0879511
961.912	9.50696e-09	15.637	-0.224951	-0.0224307
956.38	2.36421e-09	15.5394	-0.110554	-0.0220686
950.911	7.14018e-09	13.2169	0.159211	-0.114171
945.504	7.11959e-08	15.4172	-0.587392	-0.194154
940.158	1.19894e-07	15.1551	-0.67096	-0.440821
934.872	3.09216e-07	18.2529	1.04546	0.754495
929.646	1.69898e-07	16.75	-0.505393	0.811105
924.477	3.87787e-06	14.9181	-3.12063	-3.33284
919.366	1.40053e-06	16.8016	-1.32886	2.40061
914.311	3.52581e-05	17.0729	-3.19677	13.3909
909.311	1.04234e-05	17.2977	-0.0712417	7.48518
904.366	3.13207e-05	18.717	12.8078	2.08062
899.474	2.32744e-05	18.298	9.35605	6.13023
894.634	5.39911e-06	15.2633	-4.79564	-2.45472
889.847	2.02341e-05	14.1044	0.637522	-10.4099
885.11	7.55792e-06	12.3226	6.13935	1.71383
880.424	2.61023e-05	10.3923	-6.99537	9.5594
875.787	2.6479e-05	9.34182	-11.8568	-1.32632
871.199	1.11502e-05	7.96055	-0.604293	-7.71847
866.658	9.7927e-06	6.47923	7.15383	-1.21035
862.164	1.14733e-05	6.12355	7.71495	1.46839
857.717	1.56623e-05	6.24772	9.15708	0.586018
853.316	3.63105e-05	5.24672	6.77021	12.2212
848.959	0.000162049	4.42826	-9.07586	28.0847
844.647	0.000486087	3.72285	-43.5039	26.8412
840.378	0.0019017	3.21101	-101.024	4.14185
836.152	0.00493402	2.87186	-155.675	-47.8437
831.969	0.00797116	2.44709	-155.223	-136.953
827.827	0.0111744	1.8166	-52.8558	-239.324
823.726	0.0252272	1.09742	177.139	-322.854
819.666	0.0742195	0.63927	517.429	-362.28
815.645	0.178847	0.379926	920.575	-337.586
811.664	0.365707	0.223041	1375.65	-271.133
807.721	0.654662	0.141036	1864.09	-210.778
803.817	0.935442	0.0829827	2239.12	-122.247
799.95	1	0	2317.61	65.9325
796.12	0.85815	-0.112356	2126.57	301.408
792.327	0.687198	-0.206335	1869.29	447.109
788.569	0.5569	-0.241525	1667.56	461.451
784.847	0.442607	-0.231933	1490.51	397.104
781.16	0.329015	-0.182847	1300.34	278.909
777.508	0.23843	-0.0381851	1129.62	75.3735
773.889	0.188984	0.279705	976.276	-250.599
770.304	0.165951	0.74942	709.478	-623.49
766.752	0.135475	1.32526	230.896	-821.556
763.233	0.0983983	2.00092	-284.351	-669.403
759.746	0.0632196	2.72152	-525.305	-252.788
756.29	0.0334796	3.47718	-404.381	128.263
752.866	0.0149074	4.27664	-126.736	253.13
749.473	0.00587462	5.08373	59.7489	167.362
746.11	0.00213507	5.84762	95.8052	47.9455
742.777	0.000814885	6.5475	64.3531	-15.4672
739.474	0.000320468	7.26973	23.8689	-33.9559
736.2	0.000124935	8.12345	-6.18598	-25.1663
732.955	1.60043e-05	9.04215	-8.50271	-3.7064
729.739	7.7284e-06	11.6486	3.76895	5.22879
726.55	4.25511e-06	13.3439	3.50246	-3.25682
723.389	1.02974e-05	14.2651	-0.73899	-7.40332
720.256	1.3237e-06	16.5743	-1.78458	1.98269
717.15	1.23198e-05	16.4175	-6.32245	5.12382
714.07	3.70089e-07	15.6941	-1.40922	-0.0597183
711.017	1.50754e-05	18.3407	7.73363	4.60772
707.99	8.85023e-06	17.3569	0.342478	6.88902
704.988	9.83014e-06	14.9868	-5.32109	-4.95273
702.012	1.42703e-05	13.9933	1.50164	-8.62887
699.06	5.18508e-07	12.5641	1.66874	0.0512829
696.134	4.11901e-06	10.001	-4.01696	2.45081
693.232	3.19851e-06	9.55776	-4.12394	0.432717
690.354	8.83277e-07	9.47536	-2.1785	0.0482499
687.499	1.6555e-07	8.72465	-0.703873	-0.628096
684.669	6.95232e-08	8.36906	-0.285894	-0.540369
681.861	6.06076e-09	9.13827	-0.171622	-0.055914
679.077	1.14651e-09	7.61373	0.0208414	-0.0756896
676.315	1.68697e-09	8.66932	-0.0674382	-0.0672359
673.575	1.43124e-09	8.36547	-0.0407415	-0.0776787
670.858	1.9982e-10	6.11806	0.0321624	0.00630448
668.162	2.93138e-11	7.44196	0.00535215	-0.011355
665.488	1.14556e-10	5.62082	0.0191262	0.0158115
662.835	1.18735e-10	8.33297	-0.0110015	-0.0227431
660.204	6.9612e-11	5.91017	0.0178065	0.00755902
657.593	5.59554e-11	8.52918	-0.0104512	-0.0138409
655.002	1.33128e-11	11.4917	0.00381363	0.00755124
652.432	4.23423e-11	8.85262	-0.0124468	-0.0085262
649.883	2.85683e-11	11.4008	0.00455976	0.0115231
647.353	2.47621e-11	8.84255	-0.00945223	-0.00661574
644.842	2.86718e-11	5.88373	0.0112956	0.00515168
642.351	1.79222e-11	8.33479	-0.00429028	-0.00882821
639.879	1.78144e-11	5.29305	0.00513353	0.00833135
637.426	2.85399e-11	8.3449	-0.00552634	-0.0110852
634.992	2.61218e-11	5.3817	0.007085	0.00949869
632.577	1.94416e-11	2.35141	-0.00698472	-0.00746494
630.179	2.55669e-11	-0.719747	0.00859238	0.0079756
627.8	1.86829e-11	2.17141	-0.00542635	-0.00842542
625.439	2.02215e-11	5.06092	0.00328061	0.00989654
623.095	1.87279e-11	2.29793	-0.00645385	-0.00768264
620.769	1.93718e-11	5.23577	0.00484707	0.00898011
618.46	1.9136e-11	8.27082	-0.00384097	-0.009387
616.169	1.81564e-11	5.21771	0.00453478	0.00877715
613.894	1.76819e-11	8.34963	-0.00439107	-0.00870462
611.636	1.75357e-11	11.4766	0.00424578	0.00873152
609.394	1.60232e-11	14.6061	-0.00395715	-0.00839502
607.169	1.59012e-11	17.7341	0.00382776	0.00841592
604.96	1.55873e-11	20.8598	-0.00365751	-0.00839135
602.767	1.51754e-11	23.9929	0.00353851	0.00831004
600.59	1.49533e-11	27.1162	-0.00336031	-0.00831218
598.429	1.45774e-11	30.246	0.00322085	0.00824557
596.283	1.42877e-11	33.374	-0.00307762	-0.00820575
594.152	1.39475e-11	36.502	0.00293006	0.00814811
592.037	1.36517e-11	39.6295	-0.0027852	-0.0081012
589.937	1.33872e-11	42.7588	0.00265964	0.00805553
587.851	1.31218e-11	45.8868	-0.00252431	-0.00801039
585.78	1.28574e-11	49.0153	0.00239443	0.00796138
583.724	1.26247e-11	52.1428	-0.00226174	-0.00792152
581.682	1.23949e-11	55.2711	0.00213615	0.00787831
579.654	1.21842e-11	58.3997	-0.00201603	-0.00783799
577.641	1.1989e-11	61.5286	0.00190108	0.00779965
575.641	1.18013e-11	64.6561	-0.00177748	-0.00776403
573.655	1.15972e-11	67.7831	0.00164941	0.00772154
571.683	1.141e-11	70.912	-0.00153824	-0.00767922
569.724	1.1258e-11	74.0411	0.00143286	0.00764633
567.779	1.11007e-11	77.169	-0.0013184	-0.00761154
565.847	1.09383e-11	80.2964	0.00120164	0.00757343
563.928	1.0786e-11	83.4242	-0.00108898	-0.00753633
562.022	1.06413e-11	86.5526	0.000982908	0.00749921
560.129	1.05109e-11	89.6811	-0.000879837	-0.00746517
558.248	1.03829e-11	92.809	0.000772544	0.0074309
556.38	1.02484e-11	95.9372	-0.000668264	-0.00739225
554.525	1.01372e-11	99.0661	0.000571139	0.00735989
552.682	1.00396e-11	102.194	-0.000470093	-0.00733132
550.851	9.92477e-12	105.322	0.000365442	0.00729512
549.032	9.81614e-12	108.45	-0.000264984	-0.00725934
547.225	9.72148e-12	111.578	0.000167393	0.00722713
545.43	9.62471e-12	114.706	-6.93437e-05	-0.00719266
543.647	9.53439e-12	117.834	-2.83055e-05	0.00715911
541.876	9.4512e-12	120.963	0.000121787	-0.00712683
540.115	9.36988e-12	124.091	-0.000213038	0.00709394
538.367	9.29615e-12	127.219	0.000307461	-0.00706247
536.629	9.22501e-12	130.347	-0.000401967	0.00703058
534.903	9.15366e-12	133.476	0.000493118	-0.00699742
533.188	9.08698e-12	136.604	-0.000583554	0.00696477
531.484	9.02545e-12	139.732	0.000674684	-0.00693272
529.791	8.96909e-12	142.86	-0.000765733	0.00690134
528.108	8.91612e-12	145.989	0.000855286	-0.00687012
526.436	8.86521e-12	149.117	-0.000944639	0.00683843
524.775	8.81793e-12	152.245	0.00103392	-0.00680685
523.124	8.7724e-12	155.373	-0.00112008	0.00677517
521.483	8.73019e-12	158.502	0.00120765	-0.00674331
519.853	8.69408e-12	161.629	-0.00129884	0.00671189
518.233	8.66249e-12	164.757	0.00138633	-0.00668167
516.623	8.63425e-12	167.886	-0.00147174	0.00665198
515.023	8.60552e-12	171.014	0.00155953	-0.00662029
513.432	8.57439e-12	174.142	-0.00164663	0.00658648
511.852	8.54843e-12	177.27	0.00173205	-0.0065539
510.281	8.53054e-12	180.399	-0.00181602	0.00652376
508.72	8.51785e-12	183.527	0.00190112	-0.00649422
507.168	8.50871e-12	186.655	-0.0019899	0.00646377
505.626	8.49526e-12	189.783	0.00207568	-0.00643112
504.094	8.47649e-12	192.911	-0.00215654	0.00639657
502.57	8.46926e-12	196.04	0.00223999	-0.00636478
501.056	8.47504e-12	199.168	-0.00232721	0.00633586
499.55	8.47467e-12	202.296	0.0024132	-0.00630345
498.054	8.47015e-12	205.424	-0.00249619	0.00626911
496.567	8.4756e-12	208.552	0.00258044	-0.00623726
